# BiHeckeMonoide 5
120
24 25 26 27 28 29 48 49 50 51 52 53 72 73 74 75 76 77 96 97 98 99 100 101 24 25 26 27 28 29 54 55 56 57 58 59 78 79 80 81 82 83 102 103 104 105 106 107 48 49 50 51 52 53 54 55 56 57 58 59 84 85 86 87 88 89 108 109 110 111 112 113 72 73 74 75 76 77 78 79 80 81 82 83 84 85 86 87 88 89 114 115 116 117 118 119 96 97 98 99 100 101 102 103 104 105 106 107 108 109 110 111 112 113 114 115 116 117 118 119
6 7 12 13 18 19 6 7 14 15 20 21 12 13 14 15 22 23 18 19 20 21 22 23 30 31 36 37 42 43 30 31 38 39 44 45 36 37 38 39 46 47 42 43 44 45 46 47 54 55 60 61 66 67 54 55 62 63 68 69 60 61 62 63 70 71 66 67 68 69 70 71 78 79 84 85 90 91 78 79 86 87 92 93 84 85 86 87 94 95 90 91 92 93 94 95 102 103 108 109 114 115 102 103 110 111 116 117 108 109 110 111 118 119 114 115 116 117 118 119
2 4 2 5 4 5 8 10 8 11 10 11 14 16 14 17 16 17 20 22 20 23 22 23 26 28 26 29 28 29 32 34 32 35 34 35 38 40 38 41 40 41 44 46 44 47 46 47 50 52 50 53 52 53 56 58 56 59 58 59 62 64 62 65 64 65 68 70 68 71 70 71 74 76 74 77 76 77 80 82 80 83 82 83 86 88 86 89 88 89 92 94 92 95 94 95 98 100 98 101 100 101 104 106 104 107 106 107 110 112 110 113 112 113 116 118 116 119 118 119
1 1 3 3 5 5 7 7 9 9 11 11 13 13 15 15 17 17 19 19 21 21 23 23 25 25 27 27 29 29 31 31 33 33 35 35 37 37 39 39 41 41 43 43 45 45 47 47 49 49 51 51 53 53 55 55 57 57 59 59 61 61 63 63 65 65 67 67 69 69 71 71 73 73 75 75 77 77 79 79 81 81 83 83 85 85 87 87 89 89 91 91 93 93 95 95 97 97 99 99 101 101 103 103 105 105 107 107 109 109 111 111 113 113 115 115 117 117 119 119
0 1 2 3 4 5 6 7 8 9 10 11 12 13 14 15 16 17 18 19 20 21 22 23 0 1 2 3 4 5 30 31 32 33 34 35 36 37 38 39 40 41 42 43 44 45 46 47 6 7 8 9 10 11 30 31 32 33 34 35 60 61 62 63 64 65 66 67 68 69 70 71 12 13 14 15 16 17 36 37 38 39 40 41 60 61 62 63 64 65 90 91 92 93 94 95 18 19 20 21 22 23 42 43 44 45 46 47 66 67 68 69 70 71 90 91 92 93 94 95
0 1 2 3 4 5 0 1 8 9 10 11 2 3 8 9 16 17 4 5 10 11 16 17 24 25 26 27 28 29 24 25 32 33 34 35 26 27 32 33 40 41 28 29 34 35 40 41 48 49 50 51 52 53 48 49 56 57 58 59 50 51 56 57 64 65 52 53 58 59 64 65 72 73 74 75 76 77 72 73 80 81 82 83 74 75 80 81 88 89 76 77 82 83 88 89 96 97 98 99 100 101 96 97 104 105 106 107 98 99 104 105 112 113 100 101 106 107 112 113
0 1 0 3 1 3 6 7 6 9 7 9 12 13 12 15 13 15 18 19 18 21 19 21 24 25 24 27 25 27 30 31 30 33 31 33 36 37 36 39 37 39 42 43 42 45 43 45 48 49 48 51 49 51 54 55 54 57 55 57 60 61 60 63 61 63 66 67 66 69 67 69 72 73 72 75 73 75 78 79 78 81 79 81 84 85 84 87 85 87 90 91 90 93 91 93 96 97 96 99 97 99 102 103 102 105 103 105 108 109 108 111 109 111 114 115 114 117 115 117
0 0 2 2 4 4 6 6 8 8 10 10 12 12 14 14 16 16 18 18 20 20 22 22 24 24 26 26 28 28 30 30 32 32 34 34 36 36 38 38 40 40 42 42 44 44 46 46 48 48 50 50 52 52 54 54 56 56 58 58 60 60 62 62 64 64 66 66 68 68 70 70 72 72 74 74 76 76 78 78 80 80 82 82 84 84 86 86 88 88 90 90 92 92 94 94 96 96 98 98 100 100 102 102 104 104 106 106 108 108 110 110 112 112 114 114 116 116 118 118
